time = time.struct_time(tm_year=2019, tm_mon=5, tm_mday=15, tm_hour=19, tm_min=41, tm_sec=29, tm_wday=2, tm_yday=135, tm_isdst=0)
MSELoss = 0.09867116399101414
DA = 0.4603174603174603
Theil_U = 0.012998288274257894
L1Loss = 0.23934396568460042
MAPE = -0.002658310416004264
R = 6.990359714830814
