time = time.struct_time(tm_year=2019, tm_mon=5, tm_mday=12, tm_hour=21, tm_min=4, tm_sec=45, tm_wday=6, tm_yday=132, tm_isdst=0)
MSELoss = 52457.316042920625
DA = 0.4
Theil_U = 0.04674039567210957
L1Loss = 145.66386991728294
MAPE = 0.04853542378092903
R = 6.074065263145633
