time = time.struct_time(tm_year=2019, tm_mon=5, tm_mday=12, tm_hour=1, tm_min=18, tm_sec=7, tm_wday=6, tm_yday=132, tm_isdst=0)
MSELoss = 1726.0891316485
DA = 0.528
Theil_U = 0.008566118187553913
L1Loss = 30.302158385133723
MAPE = 0.007862865803861798
R = 6.150260285232063
