time = time.struct_time(tm_year=2019, tm_mon=5, tm_mday=15, tm_hour=19, tm_min=29, tm_sec=50, tm_wday=2, tm_yday=135, tm_isdst=0)
MSELoss = 0.015478277543044688
DA = 0.46153846153846156
Theil_U = 0.011567268376013833
L1Loss = 0.07683861291501645
MAPE = 0.005188156587037817
R = 5.894525680881279
