L1Loss: 25.886032104492188,
MSELoss: [2164.287],
Theil: [0.01043219],
DA: (0.533066132264529, 0.533066132264529)
